optimizera created by Lorenz Wernisch. Version May 25 2006
Later revised by: 
Alfonso Jaramillo 
IGCF: helix
IGCF: Thu May 25 16:32:42 EDT 2006 Start
alg  is m
reading graph
alg  is m
IGCF: Thu May 25 16:32:42 EDT 2006 reading file:
problem size inf

level rotamers combinations:
0 1 1
1 1 1
2 1 1
3 1 1
4 1 1
5 1 1
6 1 1
7 1 1
8 1 1
9 2 2
10 2 4
11 3 12
12 3 36
13 3 108
14 3 324
15 3 972
16 3 2916
17 3 8748
18 3 26244
19 3 78732
20 3 236196
21 3 708588
22 4 2.83435e+06
23 4 1.13374e+07
24 4 4.53496e+07
25 4 1.81399e+08
26 4 7.25594e+08
27 4 2.90238e+09
28 4 1.16095e+10
29 5 5.80475e+10
30 5 2.90238e+11
31 6 1.74143e+12
32 6 1.04486e+13
33 6 6.26913e+13
34 6 3.76148e+14
35 6 2.25689e+15
36 6 1.35413e+16
37 6 8.1248e+16
38 6 4.87488e+17
39 6 2.92493e+18
40 7 2.04745e+19
41 7 1.43321e+20
42 7 1.00325e+21
43 7 7.02275e+21
44 7 4.91592e+22
45 8 3.93274e+23
46 8 3.14619e+24
47 9 2.83157e+25
48 11 3.11473e+26
49 13 4.04915e+27
50 14 5.66881e+28
51 15 8.50321e+29
52 15 1.27548e+31
53 16 2.04077e+32
54 16 3.26523e+33
55 17 5.5509e+34
56 18 9.99161e+35
57 18 1.79849e+37
58 19 inf
59 19 inf
60 20 inf
61 20 inf
62 21 inf
63 21 inf
64 21 inf
65 22 inf
66 24 inf
67 25 inf

alg  is m
0: 1(0.272568) 2(0.897718) 3(-0.0310975) 4(0.00226398) 5(0.0310094) 6(0.0783702) 7(0.0122724) 8(0.0219524) 9(0.0155797) 10(-0.0166146) 11(0.0190722) 12(-0.0203375) 13(-0.0263115) 14(0.000688955) 15(0.00106194) 16(0.016766) 17(0.0122464) 18(0.00478388) 19(-0.00806045) 20(-0.0317704) 21(-0.0270647) 22(-0.0204664) 23(0.0483234) 24(-0.0195096) 25(0.00876149) 26(0.0359166) 27(-0.00592299) 28(-0.0531443) 29(-0.0601813) 30(-0.0155787) 31(-0.0125358) 32(-0.0680136) 33(0.0168478) 34(-0.0125369) 35(-0.0148049) 36(-0.0170807) 37(-0.00233075) 38(-0.00160418) 39(0.0376387) 40(0.0780537) 41(0.012526) 42(-0.0229842) 43(-0.0314944) 44(0.0191525) 45(-0.0100431) 46(0.0477375) 47(0.000910296) 48(-0.0248739) 49(-0.0154466) 50(-0.0133346) 51(-0.0193784) 52(0.0482251) 53(-0.00250866) 54(-0.0276615) 55(-0.0256289) 56(0.0128718) 57(0.0172972) 58(0.0639934) 59(-0.0239027) 60(0.0312246) 61(0.0153266) 62(0.0218246) 63(0.00646209) 64(-0.0274926) 65(-0.00177209) 66(-0.0366712) 67(-0.075311) 
1: 2(0.122641) 3(0.00727192) 4(1.38876) 5(0.0747495) 6(0.12211) 7(0.0560124) 8(0.0656925) 9(0.0593198) 10(0.0271254) 11(0.0628123) 12(0.0234026) 13(0.0174286) 14(0.044429) 15(0.044802) 16(0.060506) 17(0.0559865) 18(0.0485239) 19(0.0356796) 20(0.0119696) 21(0.0186768) 22(0.0232736) 23(0.0920635) 24(0.0242305) 25(0.0525016) 26(0.0796566) 27(0.0378171) 28(-0.00940428) 29(-0.0164413) 30(0.0281614) 31(0.0312042) 32(-0.0242735) 33(0.0605878) 34(0.0312032) 35(0.0289351) 36(0.0266593) 37(0.0414093) 38(0.0421359) 39(0.0813787) 40(0.121794) 41(0.056266) 42(0.0207559) 43(0.0122457) 44(0.0628926) 45(0.0336969) 46(0.0914775) 47(0.0446504) 48(0.0188662) 49(0.0282935) 50(0.0304054) 51(0.0243617) 52(0.0919651) 53(0.161917) 54(1.64765) 55(0.0181112) 56(0.0566119) 57(0.0610372) 58(0.107733) 59(0.0198374) 60(0.0749647) 61(0.0590666) 62(0.0655647) 63(0.0502021) 64(0.0162474) 65(0.041968) 66(0.00706887) 67(-0.031571) 
2: 3(0.0782408) 4(0.082375) 5(0.114921) 6(0.162282) 7(0.0961845) 8(0.105864) 9(0.0994918) 10(0.0672975) 11(0.102984) 12(0.0635746) 13(0.0576006) 14(0.084601) 15(0.084974) 16(0.100678) 17(0.0961585) 18(0.088696) 19(0.0758516) 20(0.0481385) 21(0.318693) 22(0.0634457) 23(0.132236) 24(0.0644025) 25(0.0926736) 26(0.119829) 27(0.0779891) 28(0.0307677) 29(0.0237307) 30(0.0683334) 31(0.0713763) 32(0.0158985) 33(0.10076) 34(0.0713752) 35(0.0691072) 36(0.0668314) 37(0.0815813) 38(0.0823079) 39(0.121551) 40(0.161966) 41(0.0964381) 42(0.0609279) 43(0.0524177) 44(0.103065) 45(0.073869) 46(0.13165) 47(0.0848224) 48(0.0590382) 49(0.0684655) 50(0.0705775) 51(0.0645337) 52(0.132137) 53(0.0814034) 54(0.0562506) 55(0.0582832) 56(0.0967839) 57(0.101209) 58(0.147906) 59(0.0600094) 60(0.115137) 61(0.0992387) 62(0.105737) 63(0.0903742) 64(0.0564195) 65(0.08214) 66(0.0472409) 67(0.00860105) 
3: 4(0.0482945) 5(0.0786237) 6(0.12636) 7(0.0602627) 8(0.0699427) 9(0.06357) 10(0.0313757) 11(0.0670625) 12(0.0276528) 13(0.0216788) 14(0.0486792) 15(0.0490522) 16(0.0647563) 17(0.0602367) 18(0.689584) 19(0.0379278) 20(-0.0464509) 21(0.044276) 22(0.0274094) 23(0.0963137) 24(0.0284807) 25(0.0567518) 26(0.0839069) 27(0.0420673) 28(-0.00515406) 29(-0.0121911) 30(0.0324116) 31(0.0354545) 32(-0.0200233) 33(0.064838) 34(0.0354534) 35(0.0331854) 36(0.0309095) 37(0.0456595) 38(0.0463861) 39(0.0856289) 40(0.126044) 41(0.0605162) 42(0.0250061) 43(0.0164959) 44(0.0671428) 45(0.0379471) 46(0.0957277) 47(0.0489006) 48(0.0231164) 49(0.0325437) 50(0.0346557) 51(0.0286119) 52(0.0962154) 53(0.0454816) 54(0.0439111) 55(0.0223614) 56(0.0608621) 57(0.0652874) 58(0.111984) 59(0.0240876) 60(0.0792149) 61(0.0633169) 62(0.0698149) 63(0.0544524) 64(0.0204976) 65(0.0462182) 66(0.0113191) 67(-0.0273208) 
4: 5(0.199677) 6(1.33665) 7(0.0719584) 8(0.0807746) 9(0.0752657) 10(0.0430713) 11(0.0787582) 12(0.0393485) 13(0.0333745) 14(0.0603749) 15(0.0607479) 16(0.0764519) 17(0.480318) 18(0.135397) 19(1.07659) 20(0.0231839) 21(0.0450717) 22(1.79889) 23(0.100227) 24(0.0701396) 25(0.0684475) 26(0.0919291) 27(0.451624) 28(0.00654163) 29(-0.000495373) 30(0.0441073) 31(0.0471501) 32(-0.00832761) 33(0.0765337) 34(0.0471491) 35(0.044881) 36(0.0426052) 37(0.0573552) 38(0.0580818) 39(0.0973246) 40(0.13774) 41(0.0911654) 42(0.0367018) 43(0.0281916) 44(0.0788385) 45(0.0496428) 46(0.107423) 47(0.0605963) 48(0.0348121) 49(0.0442394) 50(0.0463513) 51(0.11134) 52(0.591558) 53(1.49134) 54(1.11134) 55(0.0333233) 56(0.511844) 57(0.0769831) 58(0.26245) 59(0.0357833) 60(0.0909106) 61(0.0750125) 62(0.0815106) 63(0.0661481) 64(0.0321933) 65(0.0579139) 66(0.0230148) 67(-0.0156251) 
5: 6(0.364676) 7(1.11919) 8(0.13205) 9(0.125677) 10(0.0934825) 11(0.129169) 12(0.0897597) 13(0.0837857) 14(0.110786) 15(0.111159) 16(0.23449) 17(0.284917) 18(3.96486) 19(0.102037) 20(0.0783267) 21(0.0850339) 22(0.0896307) 23(0.158421) 24(0.0905876) 25(0.118859) 26(0.146014) 27(0.104174) 28(0.0569528) 29(0.0499158) 30(0.0945185) 31(0.0975613) 32(0.0420836) 33(0.126945) 34(0.0975603) 35(0.0952922) 36(0.0930164) 37(0.107766) 38(0.108493) 39(0.147736) 40(0.188151) 41(0.122623) 42(0.087113) 43(0.0786028) 44(0.12925) 45(0.100054) 46(0.157835) 47(0.111007) 48(0.0852233) 49(0.0946506) 50(0.0967625) 51(0.0907188) 52(0.158322) 53(0.107589) 54(2.62587) 55(0.0930623) 56(0.122969) 57(0.127189) 58(0.174091) 59(0.0861945) 60(0.141322) 61(0.125424) 62(0.131922) 63(0.116559) 64(0.0826045) 65(0.108325) 66(0.073426) 67(0.0347861) 
6: 7(0.218574) 8(0.741788) 9(0.173038) 10(0.140843) 11(0.17653) 12(0.13712) 13(0.131146) 14(0.158147) 15(0.161283) 16(0.237682) 17(1.0744) 18(0.241584) 19(0.257543) 20(0.125687) 21(0.132395) 22(1.64867) 23(0.205781) 24(0.570304) 25(0.166219) 26(0.193374) 27(1.43364) 28(0.104314) 29(0.0972766) 30(0.141879) 31(0.146096) 32(0.0894443) 33(0.174306) 34(0.144921) 35(0.142653) 36(0.140377) 37(0.155127) 38(0.155854) 39(0.188214) 40(0.235512) 41(0.619653) 42(0.239245) 43(0.125964) 44(0.17661) 45(0.147415) 46(0.205195) 47(0.158368) 48(0.132584) 49(0.142011) 50(0.144123) 51(0.13808) 52(2.14067) 53(0.648153) 54(0.213149) 55(0.130306) 56(0.718638) 57(0.344774) 58(0.915901) 59(0.133555) 60(0.184146) 61(0.172784) 62(0.179283) 63(0.16392) 64(0.129965) 65(0.155686) 66(0.120787) 67(0.0821469) 
7: 8(0.217572) 9(0.718423) 10(0.0747455) 11(0.110432) 12(0.0710227) 13(0.0650487) 14(0.275254) 15(0.115147) 16(0.774831) 17(0.132231) 18(0.0956358) 19(0.0832997) 20(0.0595897) 21(0.0662969) 22(0.0708937) 23(0.139684) 24(0.0718506) 25(0.100122) 26(0.127277) 27(0.0854372) 28(0.0382158) 29(0.0311788) 30(0.0757815) 31(0.0788243) 32(0.0233466) 33(0.108208) 34(0.0788233) 35(0.0765552) 36(0.0742794) 37(0.0890294) 38(0.089756) 39(0.128999) 40(0.169414) 41(0.103886) 42(0.068376) 43(0.0598657) 44(0.110513) 45(0.081317) 46(0.139098) 47(0.0922704) 48(0.0664863) 49(0.0759136) 50(0.0780255) 51(0.0719818) 52(0.139585) 53(0.0888515) 54(0.0636986) 55(0.0692271) 56(0.104232) 57(0.805297) 58(0.149443) 59(0.273743) 60(0.122585) 61(0.106687) 62(0.113185) 63(0.0978222) 64(0.0638675) 65(0.0895881) 66(0.054689) 67(0.0160491) 
8: 9(0.180832) 10(0.336369) 11(0.120112) 12(0.0807027) 13(0.0747287) 14(0.164968) 15(1.00912) 16(0.114414) 17(0.884129) 18(0.105824) 19(0.0929797) 20(0.0692697) 21(0.0759769) 22(0.0805737) 23(0.149364) 24(0.0809905) 25(0.109802) 26(0.136957) 27(0.50491) 28(0.0478958) 29(0.0408588) 30(0.0854615) 31(0.101793) 32(0.0330266) 33(0.124215) 34(0.0885033) 35(0.0862352) 36(0.0839594) 37(0.0987094) 38(0.099436) 39(0.132915) 40(0.179094) 41(0.112324) 42(0.078056) 43(0.0695457) 44(0.120193) 45(0.090997) 46(0.148778) 47(0.10195) 48(0.0761663) 49(0.0855936) 50(0.0877055) 51(0.0816618) 52(0.225863) 53(0.0985315) 54(0.0733786) 55(0.0754113) 56(0.113381) 57(0.121896) 58(0.716525) 59(0.0937583) 60(0.27523) 61(0.116367) 62(0.122865) 63(0.107502) 64(0.0735475) 65(0.0992681) 66(0.064369) 67(0.0257291) 
9: 10(0.198234) 11(0.117199) 12(0.07433) 13(0.0941984) 14(-2.07383) 15(0.0957294) 16(0.19772) 17(0.106914) 18(0.0994513) 19(0.086607) 20(0.062897) 21(0.0696042) 22(0.074201) 23(0.142991) 24(0.0751579) 25(0.103429) 26(0.130584) 27(0.0887445) 28(0.0415231) 29(0.0344861) 30(0.0790888) 31(0.0821316) 32(0.0266539) 33(0.111515) 34(0.0821306) 35(0.0798625) 36(0.0775867) 37(0.0923367) 38(0.0930633) 39(0.132306) 40(0.169002) 41(0.107193) 42(0.0716833) 43(0.0631731) 44(0.11382) 45(0.0846243) 46(0.142405) 47(0.0955778) 48(0.0697936) 49(0.0792209) 50(0.0813328) 51(0.0752891) 52(0.142893) 53(0.0921588) 54(0.0670059) 55(0.0690386) 56(0.107539) 57(1.03544) 58(0.156532) 59(1.56799) 60(0.131592) 61(0.115333) 62(0.116492) 63(0.10113) 64(0.0671748) 65(0.0928954) 66(0.0579963) 67(0.0193564) 
10: 11(1.03707) 12(2.59085) 13(0.06135) 14(0.0678447) 15(0.280775) 16(0.0792391) 17(0.0747195) 18(0.067257) 19(0.0544127) 20(0.0307027) 21(0.0374099) 22(0.0420067) 23(0.110797) 24(0.0429636) 25(0.0712346) 26(0.0983897) 27(0.0565501) 28(0.00932879) 29(0.00229179) 30(0.0468945) 31(0.0499373) 32(-0.00554045) 33(0.333691) 34(0.0499363) 35(0.0476682) 36(0.0453924) 37(0.0525121) 38(0.060869) 39(0.0987966) 40(0.140527) 41(0.0749991) 42(0.039489) 43(0.0309787) 44(0.0816257) 45(0.05243) 46(0.110211) 47(0.0633834) 48(0.0375993) 49(0.0470266) 50(0.0491385) 51(0.0430948) 52(0.110698) 53(0.0599645) 54(0.0348116) 55(0.0368442) 56(0.0753449) 57(0.0797703) 58(0.124859) 59(0.149073) 60(-0.592403) 61(0.105877) 62(0.435682) 63(0.0689352) 64(0.0349805) 65(0.060701) 66(0.0258019) 67(-0.0128379) 
11: 12(0.685744) 13(0.0720045) 14(0.098849) 15(0.0992219) 16(0.114926) 17(0.110406) 18(0.102944) 19(0.0900996) 20(0.0663896) 21(0.0730967) 22(0.0776936) 23(0.146483) 24(0.0786504) 25(0.106921) 26(0.134077) 27(0.092237) 28(0.0450157) 29(0.0379787) 30(0.0825813) 31(0.0856242) 32(0.0301464) 33(0.130492) 34(0.0856231) 35(0.0833551) 36(0.0810793) 37(0.198594) 38(0.0965558) 39(0.135799) 40(0.17969) 41(0.110686) 42(0.0751758) 43(0.0666656) 44(0.117313) 45(0.0881169) 46(0.145897) 47(0.0990703) 48(0.0732861) 49(0.0827134) 50(0.0848254) 51(0.0787816) 52(0.146385) 53(0.0956513) 54(0.0704985) 55(0.0725311) 56(0.111032) 57(0.115457) 58(0.162153) 59(0.0876465) 60(0.227162) 61(0.816256) 62(5.57809) 63(0.104622) 64(0.225631) 65(0.0963879) 66(0.0614888) 67(0.022849) 
12: 13(0.129997) 14(0.0594393) 15(5.67795) 16(0.0755163) 17(0.0709967) 18(0.0635342) 19(0.0506899) 20(0.0269799) 21(0.033687) 22(0.0382839) 23(0.107074) 24(0.0392407) 25(0.0675118) 26(0.0946669) 27(0.0528273) 28(0.00560595) 29(-0.00143105) 30(0.0431716) 31(0.0462145) 32(-0.00926328) 33(0.0755981) 34(0.0462134) 35(0.0439454) 36(0.0416696) 37(0.0564196) 38(0.0571461) 39(0.096389) 40(0.136804) 41(0.0712763) 42(0.0357661) 43(0.0272559) 44(0.0779028) 45(0.0487072) 46(0.106488) 47(0.0596606) 48(0.0338764) 49(0.0433037) 50(0.0454157) 51(0.0393719) 52(0.106975) 53(0.0562416) 54(0.0310888) 55(0.0331214) 56(0.0716221) 57(0.0760475) 58(0.122744) 59(0.0348476) 60(0.139617) 61(0.0740769) 62(3.47497) 63(0.0652124) 64(0.0312577) 65(0.0569782) 66(0.0220791) 67(-0.0165607) 
13: 14(0.312484) 15(0.0538382) 16(0.0695423) 17(0.0650227) 18(0.0575602) 19(0.0447159) 20(0.0210059) 21(0.027713) 22(0.0323099) 23(0.1011) 24(0.0332667) 25(0.0615378) 26(0.0886929) 27(0.0468533) 28(-0.000368044) 29(-0.00740504) 30(0.0371976) 31(0.0402405) 32(-0.0152373) 33(0.0696241) 34(0.0402394) 35(0.0379714) 36(0.0356956) 37(0.0504455) 38(0.0511721) 39(0.0904149) 40(0.13083) 41(0.0653023) 42(0.0297921) 43(0.0212819) 44(0.0719288) 45(0.0427332) 46(0.100514) 47(0.0536866) 48(0.0279024) 49(0.0373297) 50(0.0394417) 51(0.0333979) 52(0.101001) 53(0.0502676) 54(0.0251148) 55(0.0271474) 56(0.0656481) 57(0.0700735) 58(0.11677) 59(0.0288736) 60(0.0840009) 61(0.0681029) 62(0.0746009) 63(0.0592384) 64(0.0252837) 65(0.0510042) 66(0.0161051) 67(-0.0225347) 
14: 15(0.184491) 16(0.858997) 17(0.0900037) 18(0.0845606) 19(0.0717163) 20(0.0480063) 21(0.0547134) 22(0.0593103) 23(0.1281) 24(0.0602672) 25(0.0885382) 26(0.115693) 27(0.0738537) 28(0.0266324) 29(0.0195954) 30(0.0641981) 31(0.0672409) 32(0.0117631) 33(0.0966245) 34(0.0672399) 35(0.0649718) 36(0.062696) 37(0.077446) 38(0.0781725) 39(0.117415) 40(0.15783) 41(0.0923027) 42(0.0567925) 43(0.0482823) 44(0.0989293) 45(0.0697336) 46(0.127514) 47(0.080687) 48(0.0549029) 49(0.0643302) 50(0.0664421) 51(0.0603984) 52(0.128002) 53(0.0772681) 54(0.0521152) 55(0.0541478) 56(0.0926485) 57(0.633341) 58(0.14377) 59(6.63) 60(0.111001) 61(0.0951033) 62(0.101601) 63(0.0862388) 64(0.0522841) 65(0.0780046) 66(0.0431055) 67(0.00446567) 
15: 16(0.221059) 17(1.00934) 18(0.606576) 19(0.314932) 20(0.0483793) 21(0.0550864) 22(0.0596833) 23(0.128473) 24(0.0606401) 25(0.0889112) 26(0.116066) 27(0.0741997) 28(0.0270054) 29(0.0199684) 30(0.064571) 31(0.209954) 32(0.0121361) 33(0.0969975) 34(0.0676128) 35(0.0653448) 36(0.063069) 37(0.077819) 38(0.0785455) 39(0.117788) 40(0.158203) 41(0.0926757) 42(0.0571655) 43(0.0486553) 44(0.0993022) 45(0.0701066) 46(0.127887) 47(0.08106) 48(0.0552759) 49(0.0647031) 50(0.0668151) 51(0.0607713) 52(0.128375) 53(0.077641) 54(0.0524882) 55(0.0545208) 56(0.0930215) 57(0.0974469) 58(0.244623) 59(0.056247) 60(0.111374) 61(0.0954763) 62(0.101974) 63(0.0866118) 64(0.0526571) 65(0.0783776) 66(0.0434785) 67(0.00483866) 
16: 17(0.227867) 18(0.355122) 19(0.0877933) 20(0.0640833) 21(0.0707905) 22(0.0753873) 23(0.144177) 24(0.0763442) 25(0.104615) 26(0.13177) 27(0.0899308) 28(0.0427094) 29(0.0356724) 30(0.0802751) 31(0.0833179) 32(0.0278401) 33(0.112701) 34(0.0833169) 35(0.0810488) 36(0.078773) 37(0.093523) 38(0.0942496) 39(0.133492) 40(0.173907) 41(0.10838) 42(0.0728695) 43(0.0643593) 44(0.115006) 45(0.0858106) 46(0.143591) 47(0.096764) 48(0.0709799) 49(0.0804072) 50(0.0825191) 51(0.0764754) 52(0.144079) 53(0.0933451) 54(0.0681922) 55(0.0682906) 56(0.108726) 57(0.212538) 58(0.159847) 59(0.071951) 60(0.127078) 61(0.11118) 62(0.117678) 63(0.102316) 64(0.0683611) 65(0.0940816) 66(0.0591825) 67(0.0205427) 
17: 18(0.33095) 19(0.417798) 20(0.0595638) 21(0.0662709) 22(0.263038) 23(0.139658) 24(0.0718246) 25(0.100096) 26(0.127251) 27(0.848427) 28(0.0381898) 29(0.0311528) 30(0.0757555) 31(0.505409) 32(0.0233206) 33(0.108182) 34(0.0787973) 35(0.0765293) 36(0.0742534) 37(0.0890034) 38(0.08973) 39(0.128973) 40(0.169388) 41(0.10386) 42(0.06835) 43(0.0598398) 44(0.110487) 45(0.081291) 46(0.139072) 47(0.0922445) 48(0.0664603) 49(0.0758876) 50(0.0779995) 51(0.0719558) 52(0.204887) 53(0.0888255) 54(0.0636727) 55(0.0657053) 56(0.104206) 57(0.108631) 58(0.187079) 59(0.0674315) 60(0.122559) 61(0.106661) 62(0.113159) 63(0.0977963) 64(0.0638415) 65(0.0895621) 66(0.054663) 67(0.0160231) 
18: 19(0.193357) 20(0.894291) 21(0.0588084) 22(0.0634052) 23(0.132195) 24(0.0643621) 25(0.0926331) 26(0.119788) 27(0.0779487) 28(0.0307273) 29(0.0236903) 30(0.068293) 31(0.0713358) 32(0.0158581) 33(0.100719) 34(0.0713348) 35(0.0690667) 36(0.0667909) 37(0.0815409) 38(0.0822675) 39(0.12151) 40(0.161925) 41(0.0963976) 42(0.0608875) 43(0.0523772) 44(0.103024) 45(0.0738285) 46(0.131609) 47(0.0847819) 48(0.0589978) 49(0.0684251) 50(0.070537) 51(0.0644933) 52(0.132097) 53(0.081363) 54(0.0952117) 55(0.0582427) 56(0.0967434) 57(0.101169) 58(0.147865) 59(0.059969) 60(0.115096) 61(0.0991982) 62(0.105696) 63(0.0903337) 64(0.056379) 65(0.0820995) 66(0.0472004) 67(0.0085606) 
19: 20(0.0607987) 21(0.0853255) 22(0.423135) 23(0.119351) 24(0.0515178) 25(0.0797888) 26(0.648727) 27(0.0148891) 28(0.017883) 29(0.010846) 30(0.0554487) 31(0.0600874) 32(0.00301373) 33(0.0878751) 34(0.0584904) 35(0.0562224) 36(0.0539466) 37(0.0686966) 38(0.0694231) 39(0.108666) 40(0.149081) 41(0.0835533) 42(0.0480431) 43(0.0395329) 44(0.0901799) 45(0.0609842) 46(0.118765) 47(0.0719376) 48(0.0461535) 49(0.0555807) 50(0.0576927) 51(0.051649) 52(0.328965) 53(0.0685187) 54(0.0433658) 55(0.0453984) 56(0.0838991) 57(0.0883245) 58(0.135021) 59(0.0471246) 60(0.102252) 61(0.0863539) 62(0.0928519) 63(0.0774894) 64(0.0435347) 65(0.0692552) 66(0.0343561) 67(-0.00428373) 
20: 21(0.0366102) 22(0.0200048) 23(0.0956408) 24(0.0278078) 25(0.0560788) 26(0.0832339) 27(0.0413944) 28(-0.005827) 29(-0.012864) 30(0.0317387) 31(0.0347815) 32(-0.0206962) 33(0.0641651) 34(0.0347805) 35(0.0325124) 36(0.0302366) 37(0.0449866) 38(0.0457132) 39(0.084956) 40(0.125371) 41(0.0598433) 42(0.0243332) 43(0.0158229) 44(0.0664699) 45(0.0372742) 46(0.0950548) 47(0.0482276) 48(0.0224435) 49(0.0318708) 50(0.0339827) 51(0.027939) 52(0.0955424) 53(0.0448087) 54(0.0196558) 55(0.0216884) 56(0.0601891) 57(0.0646145) 58(0.111311) 59(0.0234147) 60(0.078542) 61(0.0626439) 62(0.069142) 63(0.0537794) 64(0.0198247) 65(0.0455453) 66(0.0106461) 67(-0.0279937) 
21: 22(0.627077) 23(0.102348) 24(0.0345149) 25(0.062786) 26(0.0901251) 27(0.0481015) 28(0.00088015) 29(-0.00615685) 30(0.0384458) 31(0.0414887) 32(-0.0139891) 33(0.0708722) 34(0.0414876) 35(0.0392196) 36(0.0369437) 37(0.0516937) 38(0.0524203) 39(0.0916631) 40(0.132078) 41(0.0665505) 42(0.0310403) 43(0.0225301) 44(0.073177) 45(0.0439814) 46(0.101762) 47(0.0549348) 48(0.0291506) 49(0.0385779) 50(0.0406899) 51(0.0346461) 52(0.10225) 53(0.0515158) 54(0.026363) 55(0.0283956) 56(0.0668963) 57(0.0713217) 58(0.118018) 59(0.0301218) 60(0.0852491) 61(0.0693511) 62(0.0758491) 63(0.0604866) 64(0.0265319) 65(0.0522524) 66(0.0173533) 67(-0.0212866) 
22: 23(0.213915) 24(0.619044) 25(0.0667561) 26(2.29903) 27(1.4679) 28(0.0930423) 29(-0.00156) 30(3.54956) 31(0.112978) 32(-0.00939224) 33(0.0754691) 34(0.0460845) 35(0.0438164) 36(0.0415406) 37(0.0562906) 38(0.0570172) 39(0.09626) 40(0.136675) 41(0.0711473) 42(0.0356372) 43(0.0271269) 44(0.0777739) 45(0.0485782) 46(0.106359) 47(0.0595316) 48(0.0337475) 49(0.0431748) 50(0.0452867) 51(0.0447987) 52(1.15642) 53(0.0561127) 54(0.0309598) 55(0.0329924) 56(0.7857) 57(0.0759185) 58(0.122615) 59(0.0347187) 60(0.089846) 61(0.0739479) 62(0.080446) 63(0.0650834) 64(0.0311287) 65(0.0568493) 66(0.0219501) 67(-0.0166897) 
23: 24(0.24924) 25(1.12339) 26(2.42967) 27(0.12126) 28(0.0735751) 29(0.0672299) 30(1.59399) 31(0.114875) 32(0.0593976) 33(0.144259) 34(0.114874) 35(0.112606) 36(0.11033) 37(0.12508) 38(0.125807) 39(0.16505) 40(0.205465) 41(0.139937) 42(0.104427) 43(0.0959168) 44(0.146564) 45(0.117368) 46(0.175149) 47(0.128321) 48(3.35623) 49(4.49824) 50(1.69154) 51(3.46058) 52(0.198239) 53(0.124903) 54(0.0997497) 55(0.101782) 56(0.140283) 57(0.144708) 58(0.191405) 59(0.103509) 60(0.158636) 61(0.142738) 62(0.149236) 63(0.133873) 64(0.0999186) 65(0.125639) 66(0.09074) 67(0.0521002) 
24: 25(0.180346) 26(0.0970312) 27(0.626974) 28(0.934654) 29(-0.000603133) 30(0.0439996) 31(0.0470424) 32(-0.00843537) 33(0.0766597) 34(0.147269) 35(0.0447733) 36(0.0424975) 37(0.0572475) 38(0.057974) 39(0.601092) 40(0.137632) 41(1.18735) 42(0.036594) 43(0.0280838) 44(0.0787307) 45(0.0495351) 46(1.04815) 47(0.0832122) 48(0.994636) 49(0.0950525) 50(0.948158) 51(0.156059) 52(0.939979) 53(0.0520584) 54(0.0319167) 55(0.0339493) 56(0.167935) 57(0.0768754) 58(1.54053) 59(0.0356755) 60(0.0904325) 61(0.0749048) 62(0.0814028) 63(0.0660403) 64(0.0320856) 65(0.0578061) 66(0.022907) 67(-0.0157328) 
25: 26(1.03552) 27(0.0819263) 28(0.763262) 29(0.0265094) 30(0.0720626) 31(0.0753134) 32(0.0198357) 33(0.104697) 34(0.519506) 35(0.752823) 36(0.0707685) 37(0.0855185) 38(0.0862451) 39(0.125488) 40(0.165903) 41(0.100375) 42(0.0648651) 43(0.0563549) 44(0.107002) 45(0.0778061) 46(0.135587) 47(0.488575) 48(3.9761) 49(5.14737) 50(0.500605) 51(0.147285) 52(0.136074) 53(0.0853406) 54(0.0601877) 55(0.0622204) 56(0.100721) 57(0.105146) 58(0.151843) 59(0.0639466) 60(0.119074) 61(0.103176) 62(0.109674) 63(0.0943113) 64(0.0603566) 65(0.0860772) 66(0.0511781) 67(0.0125382) 
26: 27(0.58775) 28(0.0756854) 29(0.054823) 30(0.32256) 31(0.120346) 32(0.0469907) 33(0.131852) 34(0.102467) 35(0.100199) 36(0.0979236) 37(0.112674) 38(0.1134) 39(0.152643) 40(0.193058) 41(0.12753) 42(0.0920201) 43(0.0835099) 44(0.134157) 45(0.104961) 46(0.162742) 47(0.115915) 48(0.0901305) 49(0.0995578) 50(0.10167) 51(0.095626) 52(0.400837) 53(0.112496) 54(0.0873428) 55(0.0893754) 56(0.127876) 57(0.132301) 58(0.178998) 59(0.0911016) 60(0.146229) 61(0.130331) 62(0.136829) 63(0.121466) 64(0.0875117) 65(0.113232) 66(0.0783331) 67(0.0396933) 
27: 28(0.730701) 29(0.0129834) 30(0.238381) 31(0.657827) 32(0.00515119) 33(0.1575) 34(0.0606279) 35(0.0583599) 36(0.056084) 37(0.070834) 38(0.0715606) 39(0.110803) 40(0.151219) 41(0.0856907) 42(0.0501806) 43(0.0416704) 44(0.0923173) 45(0.0631216) 46(0.120902) 47(0.0740751) 48(0.0482909) 49(0.0577182) 50(0.0598301) 51(0.0537864) 52(1.20913) 53(0.0706561) 54(0.0455033) 55(0.0475359) 56(0.0860366) 57(0.0904619) 58(0.983502) 59(0.0492621) 60(0.103823) 61(0.0884913) 62(0.0949894) 63(0.0796269) 64(0.0456721) 65(0.0713927) 66(0.0364936) 67(-0.00214627) 
28: 29(0.0722458) 30(0.0104021) 31(0.0722812) 32(-0.0296596) 33(0.791111) 34(1.42247) 35(0.121054) 36(0.00886267) 37(0.0196273) 38(0.0243392) 39(1.01069) 40(0.103997) 41(0.0384694) 42(0.00295924) 43(-0.00555099) 44(0.045096) 45(0.0159003) 46(0.073613) 47(0.0262302) 48(1.29914) 49(0.0385118) 50(0.0126088) 51(0.00656506) 52(0.279969) 53(0.0234348) 54(-0.0017181) 55(0.000314523) 56(0.0388152) 57(0.0432406) 58(0.99331) 59(0.00204073) 60(0.232863) 61(0.04127) 62(0.047768) 63(0.0324055) 64(-0.00154922) 65(0.0241713) 66(-0.0107278) 67(-0.0493676) 
29: 30(0.0132337) 31(0.00427938) 32(0.0431262) 33(0.0347012) 34(0.00468657) 35(0.00410149) 36(0.00182567) 37(0.0165757) 38(0.0173022) 39(0.0565451) 40(0.0969601) 41(0.0314324) 42(-0.00407776) 43(-0.012588) 44(0.038059) 45(0.00886328) 46(0.0666439) 47(0.0198167) 48(0.0464864) 49(0.00345985) 50(0.00557179) 51(-0.000471941) 52(0.0671315) 53(0.0163978) 54(-0.0087551) 55(-0.00672248) 56(0.0317782) 57(0.0362036) 58(0.0828998) 59(-0.00499627) 60(0.050131) 61(0.034233) 62(0.040731) 63(0.0253685) 64(-0.00858622) 65(0.0171343) 66(-0.0177648) 67(-0.0564046) 
30: 31(1.15354) 32(0.0356481) 33(0.0803422) 34(0.0509722) 35(0.0487042) 36(0.0464284) 37(0.0611784) 38(0.0619049) 39(0.101148) 40(0.141563) 41(0.0760351) 42(0.0405249) 43(0.0320147) 44(0.0826616) 45(0.053466) 46(0.111247) 47(0.0644194) 48(0.0386353) 49(0.0480625) 50(0.0501745) 51(0.0441307) 52(0.111734) 53(0.0610004) 54(0.0358476) 55(0.0378802) 56(0.0763809) 57(0.0808063) 58(0.127503) 59(0.0396064) 60(0.0947337) 61(0.0788357) 62(0.0853337) 63(0.0699712) 64(0.0360165) 65(0.061737) 66(0.0268379) 67(-0.0118019) 
31: 32(0.0415697) 33(0.848185) 34(0.0540151) 35(0.051747) 36(0.0494712) 37(0.0642212) 38(0.0649478) 39(0.104191) 40(0.144606) 41(0.0790779) 42(0.0435678) 43(0.0350575) 44(0.0857045) 45(0.0565088) 46(0.114289) 47(0.0674622) 48(0.0416781) 49(0.0511054) 50(0.0532173) 51(0.0471736) 52(0.114777) 53(0.0640433) 54(0.0388904) 55(0.040923) 56(0.0794237) 57(0.0838491) 58(0.130545) 59(0.0426493) 60(0.0977766) 61(0.0818785) 62(0.0883766) 63(0.073014) 64(0.0390593) 65(0.0647798) 66(0.0298807) 67(-0.0087591) 
32: 33(0.127364) 34(-0.00146269) 35(-0.00373075) 36(-0.00600657) 37(0.00874343) 38(0.00947) 39(0.0487128) 40(0.0891279) 41(0.0236001) 42(-0.01191) 43(-0.0204202) 44(0.0302267) 45(0.00103104) 46(0.0588116) 47(0.0119845) 48(-0.0137997) 49(-0.00437239) 50(-0.00226045) 51(-0.00830418) 52(0.0592993) 53(0.00856552) 54(-0.0165873) 55(-0.0145547) 56(0.023946) 57(0.0283713) 58(0.0750676) 59(-0.0128285) 60(0.0422988) 61(0.0264007) 62(0.0328988) 63(0.0175363) 64(-0.0164185) 65(0.00930209) 66(-0.025597) 67(-0.0642369) 
33: 34(0.999125) 35(0.0811306) 36(0.0785631) 37(0.448336) 38(0.0943313) 39(0.403482) 40(0.173989) 41(0.108461) 42(0.0729513) 43(0.0644411) 44(0.115088) 45(0.0858924) 46(0.143673) 47(0.0968458) 48(0.203463) 49(0.080489) 50(0.0826009) 51(0.0765572) 52(0.144161) 53(0.0934269) 54(0.068274) 55(0.0703066) 56(0.108807) 57(0.113233) 58(0.159507) 59(0.0720328) 60(1.01632) 61(0.111262) 62(0.309609) 63(0.102398) 64(0.0684429) 65(0.0941634) 66(0.0592643) 67(0.0206245) 
34: 35(1.66001) 36(0.0495941) 37(0.41039) 38(0.0726916) 39(1.71832) 40(0.144605) 41(0.0790769) 42(0.0435667) 43(0.0350565) 44(0.0857034) 45(0.0558647) 46(0.123191) 47(0.978985) 48(2.14045) 49(0.225821) 50(0.0532163) 51(0.0471725) 52(0.114776) 53(0.0640422) 54(0.0388894) 55(0.040922) 56(0.0794227) 57(0.0838481) 58(0.12648) 59(0.0426482) 60(0.191136) 61(0.0818775) 62(0.16914) 63(0.073013) 64(0.0390583) 65(0.0647788) 66(0.0298797) 67(-0.00876015) 
35: 36(0.996597) 37(0.0601267) 38(0.0626787) 39(0.101921) 40(0.142337) 41(0.0768088) 42(0.0412987) 43(0.0327884) 44(0.0834354) 45(0.0542397) 46(0.11202) 47(0.0762338) 48(0.039409) 49(0.0488363) 50(0.0509482) 51(0.0449045) 52(0.112508) 53(0.0617742) 54(0.0366213) 55(0.0386539) 56(0.0771546) 57(0.08158) 58(0.128276) 59(0.0403802) 60(0.0955075) 61(0.0796094) 62(0.357783) 63(0.0707449) 64(0.0367902) 65(0.0625107) 66(0.0276116) 67(-0.0110282) 
36: 37(0.370009) 38(0.0604028) 39(0.0996457) 40(0.140061) 41(0.074533) 42(0.0390228) 43(0.0305126) 44(0.0811596) 45(0.0519639) 46(0.109744) 47(0.0629173) 48(0.0371332) 49(0.0465604) 50(0.0486724) 51(0.0426287) 52(0.110232) 53(0.0594984) 54(0.0343455) 55(0.0363781) 56(0.0748788) 57(0.0793042) 58(0.126) 59(0.0381043) 60(0.0932316) 61(0.0773336) 62(0.546249) 63(0.173508) 64(0.0345144) 65(0.413846) 66(0.0253358) 67(-0.013304) 
37: 38(0.216329) 39(0.17184) 40(0.154811) 41(0.089283) 42(0.0537728) 43(0.0452626) 44(0.0959096) 45(0.0667139) 46(0.124494) 47(0.0776673) 48(0.0518832) 49(0.0613104) 50(0.0634224) 51(0.0573787) 52(0.124982) 53(0.0742484) 54(0.0490955) 55(0.0511281) 56(0.0896288) 57(0.0940542) 58(0.14075) 59(0.0528543) 60(0.595988) 61(0.104464) 62(-5.20678) 63(0.222088) 64(0.0491355) 65(0.084866) 66(0.0400858) 67(0.00144597) 
38: 39(0.252051) 40(0.756493) 41(0.0900095) 42(0.0544994) 43(0.0459892) 44(0.0966361) 45(0.853534) 46(0.124785) 47(0.0783939) 48(0.0526097) 49(0.062037) 50(0.064149) 51(0.0581052) 52(0.125709) 53(0.0749749) 54(0.0498221) 55(0.0518547) 56(0.0903554) 57(0.0947808) 58(0.141477) 59(0.305798) 60(0.17188) 61(0.41925) 62(0.218884) 63(0.144278) 64(0.0499909) 65(0.0913948) 66(0.0408124) 67(0.00217254) 
39: 40(0.283582) 41(0.21781) 42(0.0937422) 43(0.085232) 44(0.135879) 45(0.125194) 46(0.00102775) 47(0.150432) 48(0.819543) 49(0.10128) 50(0.190916) 51(0.0973481) 52(0.165207) 53(0.114218) 54(0.0890649) 55(0.0910975) 56(0.129598) 57(0.134024) 58(0.69981) 59(0.0954562) 60(0.567908) 61(0.130652) 62(0.138551) 63(0.123189) 64(0.0892338) 65(0.114954) 66(0.0800552) 67(0.0414154) 
40: 41(0.205915) 42(0.193918) 43(0.172767) 44(1.10172) 45(1.02635) 46(0.29993) 47(0.158052) 48(0.132268) 49(0.141695) 50(0.143807) 51(0.137763) 52(0.205367) 53(0.154633) 54(0.12948) 55(0.131513) 56(0.170013) 57(0.169864) 58(0.244252) 59(5.95781) 60(0.187243) 61(1.18886) 62(0.178966) 63(0.163604) 64(0.129649) 65(0.155369) 66(0.12047) 67(0.0818304) 
41: 42(2.18967) 43(0.0601193) 44(2.0726) 45(0.0815706) 46(1.17484) 47(0.166632) 48(1.32214) 49(0.617827) 50(6.59747) 51(2.76024) 52(1.33206) 53(1.57777) 54(0.0639522) 55(0.0659848) 56(7.02591) 57(0.21188) 58(1.32006) 59(0.0681733) 60(0.122838) 61(0.10694) 62(0.113438) 63(0.0980758) 64(0.0641211) 65(0.0898416) 66(0.0549425) 67(0.0163027) 
42: 43(0.0834883) 44(0.972796) 45(0.0460604) 46(0.101922) 47(0.0570139) 48(0.0312297) 49(0.040657) 50(0.042769) 51(0.0367252) 52(0.14206) 53(0.242199) 54(0.0284421) 55(0.0304747) 56(0.936591) 57(1.46283) 58(0.181126) 59(0.584444) 60(0.0873282) 61(0.0714301) 62(0.0779282) 63(0.0625657) 64(0.0286109) 65(0.0543315) 66(0.0194324) 67(-0.0192075) 
43: 44(0.13695) 45(0.0312856) 46(0.0953236) 47(0.0485037) 48(0.0227195) 49(0.0321468) 50(0.0342587) 51(0.028215) 52(0.0958184) 53(0.0450847) 54(0.0199318) 55(0.0219645) 56(0.0604651) 57(0.0644212) 58(0.111587) 59(0.5255) 60(0.078818) 61(0.0592875) 62(0.069418) 63(0.0540554) 64(0.0201007) 65(0.0458213) 66(0.0109222) 67(-0.0277177) 
44: 45(0.773766) 46(1.44145) 47(0.0991506) 48(0.0733664) 49(0.0827937) 50(0.97016) 51(0.0788619) 52(0.146465) 53(0.0957316) 54(0.0705788) 55(0.0726114) 56(0.133194) 57(0.115537) 58(0.162234) 59(0.0743376) 60(0.129465) 61(0.113567) 62(0.120065) 63(0.104702) 64(0.0707477) 65(0.0964682) 66(0.0615691) 67(0.0229293) 
45: 46(0.216038) 47(0.0965403) 48(0.0441708) 49(0.0535981) 50(0.0571338) 51(0.0496663) 52(0.11727) 53(0.066536) 54(0.0413831) 55(0.0434157) 56(0.0819164) 57(0.0863418) 58(0.133038) 59(0.0979091) 60(0.100269) 61(0.344678) 62(0.0908693) 63(0.0755067) 64(0.041552) 65(0.0672725) 66(0.0323734) 67(-0.00626642) 
46: 47(0.83149) 48(0.105131) 49(0.227626) 50(1.0575) 51(0.107447) 52(0.174757) 53(0.122241) 54(0.0991637) 55(0.101196) 56(0.153558) 57(0.144122) 58(0.349431) 59(0.102647) 60(0.15805) 61(0.142152) 62(0.14865) 63(0.133287) 64(0.0993326) 65(0.125053) 66(0.090154) 67(0.0515142) 
47: 48(1.08457) 49(2.78668) 50(1.90682) 51(0.0606197) 52(0.128223) 53(0.0774894) 54(0.0523365) 55(0.0543692) 56(0.0928698) 57(0.0972952) 58(0.143991) 59(0.0560954) 60(0.111223) 61(0.0953246) 62(0.101823) 63(0.0864602) 64(0.0525054) 65(0.078226) 66(0.0433269) 67(0.00468701) 
48: 49(0.312425) 50(0.0480942) 51(0.0348356) 52(0.102439) 53(0.0517053) 54(0.0265524) 55(0.028585) 56(0.0670857) 57(0.0715111) 58(0.118207) 59(0.0303112) 60(0.0854385) 61(0.0695405) 62(0.0760385) 63(0.060676) 64(0.0267213) 65(0.0524418) 66(0.0175427) 67(-0.0210971) 
49: 50(0.342517) 51(0.0640165) 52(0.111866) 53(0.0611325) 54(0.0359797) 55(0.0380123) 56(0.076513) 57(0.0809384) 58(0.127635) 59(0.0397385) 60(0.0948658) 61(0.0789678) 62(0.0854658) 63(0.0701033) 64(0.0361486) 65(0.0618691) 66(0.02697) 67(-0.0116699) 
50: 51(1.3134) 52(1.00529) 53(0.5632) 54(0.0380916) 55(0.0401242) 56(0.0786249) 57(0.0830503) 58(0.2698) 59(0.0418504) 60(0.0969778) 61(0.0810797) 62(0.0875778) 63(0.0722152) 64(0.0382605) 65(0.063981) 66(0.0290819) 67(-0.00955791) 
51: 52(0.354042) 53(1.11937) 54(0.0320479) 55(0.0340805) 56(0.0725812) 57(0.0770066) 58(0.123703) 59(0.0358067) 60(0.090934) 61(0.075036) 62(0.081534) 63(0.0661715) 64(0.0322168) 65(0.0579373) 66(0.0230382) 67(-0.0156016) 
52: 53(0.622946) 54(0.0999396) 55(0.101684) 56(0.61575) 57(0.14493) 58(1.30033) 59(0.10341) 60(0.158537) 61(0.142639) 62(0.149137) 63(0.133775) 64(0.0998202) 65(0.125541) 66(0.0906416) 67(0.0520018) 
53: 54(1.60552) 55(0.0479434) 56(1.48785) 57(0.102238) 58(0.174845) 59(0.0526764) 60(0.107804) 61(0.0919057) 62(0.0984037) 63(0.0830412) 64(0.0490865) 65(0.074807) 66(0.0399079) 67(0.00126806) 
54: 55(0.29149) 56(0.0751603) 57(0.0687234) 58(0.11542) 59(0.0275236) 60(0.0826509) 61(0.0667528) 62(0.0732509) 63(0.0578883) 64(0.0239336) 65(0.0496541) 66(0.014755) 67(-0.0238848) 
55: 56(0.117464) 57(0.0649706) 58(0.117452) 59(0.0295562) 60(0.0846835) 61(0.0687854) 62(0.0752835) 63(0.059921) 64(0.0259662) 65(0.0516868) 66(0.0167877) 67(-0.0218522) 
56: 57(0.45832) 58(0.452694) 59(0.0680569) 60(0.123184) 61(0.107286) 62(0.113784) 63(0.0984216) 64(0.0644669) 65(0.0901875) 66(0.0552884) 67(0.0166485) 
57: 58(0.301069) 59(2.0801) 60(0.12761) 61(0.111711) 62(0.11821) 63(0.102847) 64(0.0688923) 65(0.0946128) 66(0.0597137) 67(0.0210739) 
58: 59(0.19109) 60(0.288291) 61(0.157295) 62(0.164906) 63(0.149543) 64(0.115589) 65(0.141309) 66(0.10641) 67(0.0677701) 
59: 60(0.197523) 61(1.96975) 62(0.0770097) 63(0.0616472) 64(0.0276924) 65(0.053413) 66(0.0185139) 67(-0.020126) 
60: 61(0.2245) 62(0.478629) 63(0.116774) 64(0.0828197) 65(0.10854) 66(0.0736412) 67(0.0350013) 
61: 62(0.19188) 63(0.19784) 64(0.0885774) 65(0.0926422) 66(0.0577431) 67(0.0191033) 
62: 63(0.364422) 64(0.11738) 65(0.117374) 66(0.0642412) 67(0.0256013) 
63: 64(0.184507) 65(0.335626) 66(0.0488787) 67(0.0102388) 
64: 65(0.13839) 66(0.0627516) 67(-0.0237159) 
65: 66(0.0759846) 67(0.00341021) 
66: 67(-0.0778399) 
67: 
max 7.02591  min -5.20678  avg 0.166876  sum 380.144

starting maximum heuristic
IGCF: Thu May 25 16:32:42 EDT 2006 starting maximum heuristic
new weight -341605
1 14 19 20 28 52 53 57 62 63 69 70 83 85 106 108 132 143 152 162 163 164 180 197 208 221 228 235 238 241 255 261 263 277 285 296 309 311 313 315 324 337 363 368 378 389 391 400 406 420 442 456 464 470 475 480 483 490 499 518 519 524 529 551 555 559 561 562 
new weight -341602
1 14 19 20 28 52 53 57 62 63 69 70 83 85 106 108 132 143 152 162 163 164 180 197 208 221 228 235 238 241 255 261 263 277 285 296 309 311 313 315 324 337 363 368 378 389 391 400 406 420 442 452 464 470 475 480 483 490 499 518 519 524 529 551 555 559 561 562 
new weight -341097
1 14 19 20 28 52 53 57 62 63 69 70 83 85 106 108 132 143 152 162 163 164 168 197 208 221 228 235 238 241 255 261 263 277 285 296 309 311 313 315 324 337 363 368 378 389 391 400 406 420 442 452 464 470 475 480 483 490 499 518 519 524 529 551 555 559 561 562 
new weight -339844
1 14 19 20 28 52 53 57 62 63 69 70 83 85 106 108 132 143 152 162 163 164 168 197 208 221 228 235 238 241 255 261 263 277 285 296 309 311 313 315 324 337 363 368 378 389 391 400 406 420 442 452 464 473 475 480 483 490 499 518 519 524 529 551 555 559 561 562 
new weight -339843
1 14 19 20 28 52 53 57 62 63 69 70 83 85 106 108 132 143 152 162 163 164 168 197 208 221 228 235 238 241 255 261 263 277 285 296 309 311 313 315 324 337 364 368 378 389 391 400 406 420 442 452 464 473 475 480 483 490 499 518 519 524 529 551 555 559 561 562 
new weight -339834
1 14 19 20 28 52 53 57 62 63 69 70 83 85 106 108 132 143 152 162 163 164 168 197 208 221 228 235 238 241 255 262 263 277 285 296 309 311 313 315 324 337 364 368 378 389 391 400 406 420 442 452 464 473 475 480 483 490 499 518 519 524 529 551 555 559 561 562 
new weight -339820
1 14 19 20 28 52 53 57 61 63 69 70 83 85 106 108 132 143 152 162 163 164 168 197 208 221 228 235 238 241 255 262 263 277 285 296 309 311 313 315 324 337 364 368 378 389 391 400 406 420 442 452 464 473 475 480 483 490 499 518 519 524 529 551 555 559 561 562 
new weight -339818
1 14 17 20 28 52 53 57 61 63 69 70 83 85 106 108 132 143 152 162 163 164 168 197 208 221 228 235 238 241 255 262 263 277 285 296 309 311 313 315 324 337 364 368 378 389 391 400 406 420 442 452 464 473 475 480 483 490 499 518 519 524 529 551 555 559 561 562 
new weight -339816
1 14 17 20 28 52 53 57 61 63 69 70 83 85 106 108 132 143 152 162 163 164 168 197 208 221 228 235 238 241 255 262 263 277 285 296 309 311 313 315 324 337 364 368 378 389 391 400 406 420 442 452 464 473 475 480 483 490 499 518 519 524 529 551 553 559 561 562 
new weight -339790
1 14 17 20 28 52 53 57 61 63 69 70 83 85 106 108 132 143 152 162 163 164 168 197 208 221 228 235 238 241 255 262 263 277 285 296 309 311 313 315 324 337 364 368 378 389 391 400 406 411 442 452 464 473 475 480 483 490 499 518 519 524 529 551 553 559 561 562 
new weight -339777
1 14 17 20 28 52 53 57 61 63 69 70 83 85 106 108 132 143 152 162 163 164 168 197 208 221 228 235 238 241 255 262 263 277 285 296 309 311 313 315 324 337 364 368 378 389 391 400 406 411 442 452 463 473 475 480 483 490 499 518 519 524 529 551 553 559 561 562 
new weight -339751
1 14 17 20 28 52 54 57 61 63 69 70 83 85 106 108 132 143 152 162 163 164 168 197 208 221 228 235 238 241 255 262 263 277 285 296 309 311 313 315 324 337 364 368 378 389 391 400 406 411 442 452 463 473 475 480 483 490 499 518 519 524 529 551 553 559 561 562 
new weight -339747
1 14 17 20 28 43 54 57 61 63 69 70 83 85 106 108 132 143 152 162 163 164 168 197 208 221 228 235 238 241 255 262 263 277 285 296 309 311 313 315 324 337 364 368 378 389 391 400 406 411 442 452 463 473 475 480 483 490 499 518 519 524 529 551 553 559 561 562 
new weight -339743
1 14 17 20 28 43 54 57 61 63 69 70 83 85 106 108 132 143 152 162 163 164 168 197 208 221 228 235 238 241 255 262 263 277 285 296 309 311 313 315 324 337 364 368 378 389 392 400 406 411 442 452 463 473 475 480 483 490 499 518 519 524 529 551 553 559 561 562 
new weight -339742
1 14 17 20 28 43 54 57 61 63 69 70 83 85 106 108 132 143 152 162 163 164 168 197 208 221 228 234 238 241 255 262 263 277 285 296 309 311 313 315 324 337 364 368 378 389 392 400 406 411 442 452 463 473 475 480 483 490 499 518 519 524 529 551 553 559 561 562 
new weight -339473
1 14 17 20 28 43 54 57 61 63 69 70 83 85 106 108 132 143 152 162 163 164 168 197 208 221 228 234 239 241 255 262 263 277 285 296 309 311 313 315 324 337 364 368 378 389 392 400 406 411 442 452 463 473 475 480 483 490 499 518 519 524 529 551 553 559 561 562 
new weight -582.84
1 14 17 20 28 43 54 57 61 63 69 70 83 85 106 108 132 143 152 162 163 164 168 197 208 221 228 234 239 241 255 262 263 277 285 296 309 311 313 315 324 352 364 368 378 389 392 400 406 411 442 452 463 473 475 480 483 490 499 518 519 524 529 551 553 559 561 562 
new weight -582.594
1 14 17 20 28 43 54 57 61 63 69 70 83 85 106 108 132 143 152 162 163 164 168 197 208 221 228 234 239 241 255 262 263 277 285 296 308 311 313 315 324 352 364 368 378 389 392 400 406 411 442 452 463 473 475 480 483 490 499 518 519 524 529 551 553 559 561 562 
new weight -581.263
12 14 17 20 28 43 54 57 61 63 69 70 83 85 106 108 132 143 152 162 163 164 168 197 208 221 228 234 239 241 255 262 263 277 285 296 308 311 313 315 324 352 364 368 378 389 392 400 406 411 442 452 463 473 475 480 483 490 499 518 519 524 529 551 553 559 561 562 
new weight -580.227
12 14 17 20 28 43 54 57 61 63 69 70 83 85 106 108 132 143 152 162 163 164 168 197 208 221 228 234 239 241 255 262 263 277 285 296 308 311 313 315 324 352 364 368 378 389 392 400 406 411 440 452 463 473 475 480 483 490 499 518 519 524 529 551 553 559 561 562 
new weight -523.873
12 14 17 20 28 43 54 57 61 66 69 70 83 85 106 108 132 143 152 162 163 164 168 197 208 221 228 234 239 241 255 262 263 277 285 296 308 311 313 315 324 352 364 368 378 389 392 400 406 411 440 452 463 473 475 480 483 490 499 518 519 524 529 551 553 559 561 562 
new weight -512.104
12 14 17 20 28 43 54 57 61 66 69 70 83 85 106 108 132 143 152 162 163 164 168 197 208 221 228 234 239 241 255 262 263 277 285 296 308 311 313 315 324 352 364 368 378 389 392 400 406 411 440 452 463 473 475 480 483 490 500 518 519 524 529 551 553 559 561 562 
new weight -510.301
12 14 17 20 28 43 54 57 61 66 69 70 83 85 106 108 132 143 152 162 163 164 168 197 208 221 228 234 239 241 255 262 263 277 285 296 308 311 313 315 324 352 364 368 378 388 392 400 406 411 440 452 463 473 475 480 483 490 500 518 519 524 529 551 553 559 561 562 
new weight -499.367
12 14 17 20 28 43 54 57 61 66 69 70 83 85 106 108 132 143 152 162 163 164 168 194 208 221 228 234 239 241 255 262 263 277 285 296 308 311 313 315 324 352 364 368 378 388 392 400 406 411 440 452 463 473 475 480 483 490 500 518 519 524 529 551 553 559 561 562 
new weight -433.286
12 14 17 20 28 43 54 57 61 66 69 70 83 85 106 108 132 143 152 162 163 164 168 194 208 221 228 234 239 241 255 262 263 277 285 296 308 311 313 315 324 352 364 368 378 388 392 400 405 411 440 452 463 473 475 480 483 490 500 518 519 524 529 551 553 559 561 562 
new weight -425.947
12 14 17 20 28 43 54 57 61 66 69 70 83 85 106 108 132 143 152 162 163 164 168 194 208 221 228 234 239 241 255 262 263 277 285 296 308 311 313 315 324 352 364 368 378 388 392 400 405 411 440 452 463 473 475 480 487 490 500 518 519 524 529 551 553 559 561 562 
new weight -342.595
12 14 17 20 28 43 54 57 61 66 69 70 83 85 106 108 134 143 152 162 163 164 168 194 208 221 228 234 239 241 255 262 263 277 285 296 308 311 313 315 324 352 364 368 378 388 392 400 405 411 440 452 463 473 475 480 487 490 500 518 519 524 529 551 553 559 561 562 
new weight -273.746
12 14 17 20 28 43 54 57 61 66 69 70 83 85 106 108 134 143 152 162 163 164 168 194 208 221 228 234 239 241 255 262 263 277 285 296 308 311 313 315 334 352 364 368 378 388 392 400 405 411 440 452 463 473 475 480 487 490 500 518 519 524 529 551 553 559 561 562 
new weight -270.436
12 14 17 20 28 43 54 59 61 66 69 70 83 85 106 108 134 143 152 162 163 164 168 194 208 221 228 234 239 241 255 262 263 277 285 296 308 311 313 315 334 352 364 368 378 388 392 400 405 411 440 452 463 473 475 480 487 490 500 518 519 524 529 551 553 559 561 562 
new weight -267.398
12 14 17 20 28 43 54 59 61 66 69 70 83 85 106 108 134 143 152 162 163 164 168 194 208 221 228 234 239 241 255 262 272 277 285 296 308 311 313 315 334 352 364 368 378 388 392 400 405 411 440 452 463 473 475 480 487 490 500 518 519 524 529 551 553 559 561 562 
new weight -254.446
12 14 17 20 21 43 54 59 61 66 69 70 83 85 106 108 134 143 152 162 163 164 168 194 208 221 228 234 239 241 255 262 272 277 285 296 308 311 313 315 334 352 364 368 378 388 392 400 405 411 440 452 463 473 475 480 487 490 500 518 519 524 529 551 553 559 561 562 
new weight -238.368
12 14 17 20 21 43 54 59 61 66 69 70 83 85 106 108 134 143 152 162 163 164 168 194 208 221 228 234 239 241 255 262 272 277 285 296 308 311 313 315 334 352 364 368 378 388 392 400 405 411 440 452 463 473 475 480 487 490 500 518 519 524 529 551 553 558 561 562 
new weight -235.637
12 14 17 20 21 43 54 59 61 66 69 70 83 85 106 108 134 143 152 162 163 164 168 194 208 221 228 234 239 241 255 262 272 277 285 301 308 311 313 315 334 352 364 368 378 388 392 400 405 411 440 452 463 473 475 480 487 490 500 518 519 524 529 551 553 558 561 562 
new weight -228.932
12 14 17 20 21 43 54 59 61 66 69 70 83 85 106 108 134 143 152 162 163 164 168 194 207 221 228 234 239 241 255 262 272 277 285 301 308 311 313 315 334 352 364 368 378 388 392 400 405 411 440 452 463 473 475 480 487 490 500 518 519 524 529 551 553 558 561 562 
new weight -228.092
12 14 17 20 21 43 54 59 61 66 69 70 83 85 106 108 134 143 152 162 163 164 168 194 207 221 228 234 239 241 255 262 272 277 285 301 308 311 313 315 334 352 364 368 378 388 392 400 405 411 440 452 463 473 474 480 487 490 500 518 519 524 529 551 553 558 561 562 
new weight -200.381
12 14 17 20 21 43 54 59 61 66 69 70 83 85 106 116 134 143 152 162 163 164 168 194 207 221 228 234 239 241 255 262 272 277 285 301 308 311 313 315 334 352 364 368 378 388 392 400 405 411 440 452 463 473 474 480 487 490 500 518 519 524 529 551 553 558 561 562 
new weight -194.923
12 14 17 20 21 43 54 59 61 66 69 70 83 85 106 116 134 143 152 162 163 164 168 194 207 221 228 234 239 241 246 262 272 277 285 301 308 311 313 315 334 352 364 368 378 388 392 400 405 411 440 452 463 473 474 480 487 490 500 518 519 524 529 551 553 558 561 562 
new weight -103.915
12 14 17 20 21 43 54 59 61 66 69 70 83 85 106 116 134 143 152 162 163 164 168 194 207 221 228 234 239 241 246 262 272 277 285 301 308 310 313 315 334 352 364 368 378 388 392 400 405 411 440 452 463 473 474 480 487 490 500 518 519 524 529 551 553 558 561 562 
new weight -84.4974
12 14 17 20 21 43 54 59 61 66 69 70 83 85 106 116 134 143 147 162 163 164 168 194 207 221 228 234 239 241 246 262 272 277 285 301 308 310 313 315 334 352 364 368 378 388 392 400 405 411 440 452 463 473 474 480 487 490 500 518 519 524 529 551 553 558 561 562 
new weight 16.7014
12 14 17 20 21 43 54 59 61 66 69 70 83 85 106 116 134 143 147 162 163 164 168 194 207 221 228 234 239 241 246 262 272 277 285 301 308 310 313 315 334 352 364 368 378 388 392 400 405 411 440 452 463 473 474 480 487 490 500 518 519 525 529 551 553 558 561 562 
new weight 22.5445
12 14 17 20 21 43 54 59 61 66 69 70 83 85 106 116 134 143 147 162 163 164 168 194 207 221 229 234 239 241 246 262 272 277 285 301 308 310 313 315 334 352 364 368 378 388 392 400 405 411 440 452 463 473 474 480 487 490 500 518 519 525 529 551 553 558 561 562 
new weight 49.0271
12 14 17 20 21 43 54 59 61 66 69 70 83 85 106 116 134 143 147 162 163 164 168 194 207 221 229 234 239 241 246 262 272 277 284 301 308 310 313 315 334 352 364 368 378 388 392 400 405 411 440 452 463 473 474 480 487 490 500 518 519 525 529 551 553 558 561 562 
new weight 53.829
12 14 17 20 21 43 54 59 61 66 69 70 83 85 103 116 134 143 147 162 163 164 168 194 207 221 229 234 239 241 246 262 272 277 284 301 308 310 313 315 334 352 364 368 378 388 392 400 405 411 440 452 463 473 474 480 487 490 500 518 519 525 529 551 553 558 561 562 
new weight 67.7994
12 14 17 20 21 43 54 59 61 66 69 70 83 85 103 116 134 143 147 162 163 164 168 194 207 222 229 234 239 241 246 262 272 277 284 301 308 310 313 315 334 352 364 368 378 388 392 400 405 411 440 452 463 473 474 480 487 490 500 518 519 525 529 551 553 558 561 562 
new weight 69.144
12 14 17 20 21 43 54 59 61 66 69 70 83 85 103 116 134 143 147 160 163 164 168 194 207 222 229 234 239 241 246 262 272 277 284 301 308 310 313 315 334 352 364 368 378 388 392 400 405 411 440 452 463 473 474 480 487 490 500 518 519 525 529 551 553 558 561 562 
new weight 70.509
12 14 17 20 21 43 54 59 61 66 69 70 83 85 103 116 134 143 147 160 163 164 168 194 207 222 229 234 239 241 246 262 272 277 284 301 308 310 313 315 334 352 364 368 378 388 392 400 405 411 440 452 463 473 474 480 487 495 500 518 519 525 529 551 553 558 561 562 
new weight 93.1391
12 14 17 20 21 43 54 59 61 66 69 70 83 85 103 116 134 143 147 160 163 164 168 194 207 222 229 234 239 241 246 262 272 277 284 301 308 310 313 315 334 352 364 368 378 388 392 400 405 411 440 452 463 473 474 480 487 495 500 518 519 525 545 551 553 558 561 562 
new weight 95.7024
12 14 17 20 21 43 54 59 61 66 69 70 83 85 103 116 134 143 147 160 163 164 168 194 207 222 229 234 239 241 246 262 272 277 284 301 308 310 313 315 334 352 364 368 377 388 392 400 405 411 440 452 463 473 474 480 487 495 500 518 519 525 545 551 553 558 561 562 
new weight 99.8891
12 14 17 20 21 43 54 59 61 66 69 70 79 85 103 116 134 143 147 160 163 164 168 194 207 222 229 234 239 241 246 262 272 277 284 301 308 310 313 315 334 352 364 368 377 388 392 400 405 411 440 452 463 473 474 480 487 495 500 518 519 525 545 551 553 558 561 562 
new weight 109.821
12 14 17 20 21 43 54 59 61 66 69 70 79 85 103 116 134 143 147 160 163 164 168 194 207 222 229 234 239 241 246 262 272 277 284 301 308 310 312 315 334 352 364 368 377 388 392 400 405 411 440 452 463 473 474 480 487 495 500 518 519 525 545 551 553 558 561 562 
new weight 136.834
12 14 17 20 21 43 54 59 61 66 69 70 79 85 103 116 134 143 147 160 163 164 168 194 207 222 229 234 239 241 246 262 272 277 284 301 308 310 312 315 334 352 364 368 377 388 392 400 405 411 440 452 463 473 474 480 487 495 500 506 519 525 545 551 553 558 561 562 
new weight 137.184
12 14 17 20 21 43 54 59 61 66 69 70 79 85 103 116 134 143 147 160 163 164 168 194 207 222 229 234 239 241 246 259 272 277 284 301 308 310 312 315 334 352 364 368 377 388 392 400 405 411 440 452 463 473 474 480 487 495 500 506 519 525 545 551 553 558 561 562 
new weight 138.861
12 14 17 20 21 43 54 59 61 66 69 70 79 85 103 116 134 143 147 160 163 164 168 194 207 222 229 234 239 241 246 259 272 277 284 301 308 310 312 315 334 352 364 368 377 388 392 400 405 411 440 452 468 473 474 480 487 495 500 506 519 525 545 551 553 558 561 562 
new weight 139.926
12 14 17 20 21 43 54 59 61 66 69 70 79 85 103 116 134 143 147 160 163 164 168 194 207 222 229 234 239 241 246 259 272 277 284 301 308 310 312 315 334 352 364 368 377 388 392 400 405 413 440 452 468 473 474 480 487 495 500 506 519 525 545 551 553 558 561 562 
new weight 144.12
12 14 17 20 21 43 54 57 61 66 69 70 79 85 103 116 134 143 147 160 163 164 168 194 207 222 229 234 239 241 246 259 272 277 284 301 308 310 312 315 334 352 364 368 377 388 392 400 405 413 440 452 468 473 474 480 487 495 500 506 519 525 545 551 553 558 561 562 
new weight 147.383
12 14 17 20 21 43 54 57 61 66 69 70 79 85 103 116 134 143 147 160 163 164 168 194 207 222 229 234 239 241 246 259 272 277 284 301 308 310 312 315 334 352 364 368 377 388 392 400 405 413 440 452 468 473 474 480 487 495 500 506 519 523 545 551 553 558 561 562 
new weight 148.805
12 14 17 20 21 43 54 57 61 66 69 70 79 85 103 116 134 143 147 160 163 164 168 194 207 222 229 234 239 241 246 259 272 277 284 301 308 310 312 315 334 352 364 368 377 389 392 400 405 413 440 452 468 473 474 480 487 495 500 506 519 523 545 551 553 558 561 562 
new weight 149.587
12 14 17 20 21 43 54 57 61 66 69 70 79 85 103 116 134 143 147 160 163 164 168 194 207 222 229 234 239 241 247 259 272 277 284 301 308 310 312 315 334 352 364 368 377 389 392 400 405 413 440 452 468 473 474 480 487 495 500 506 519 523 545 551 553 558 561 562 
new weight 149.953
12 14 17 20 21 43 54 57 61 66 69 70 79 85 103 116 134 143 147 160 163 164 168 194 207 222 231 234 239 241 247 259 272 277 284 301 308 310 312 315 334 352 364 368 377 389 392 400 405 413 440 452 468 473 474 480 487 495 500 506 519 523 545 551 553 558 561 562 
new weight 149.999
12 14 16 20 21 43 54 57 61 66 69 70 79 85 103 116 134 143 147 160 163 164 168 194 207 222 231 234 239 241 247 259 272 277 284 301 308 310 312 315 334 352 364 368 377 389 392 400 405 413 440 452 468 473 474 480 487 495 500 506 519 523 545 551 553 558 561 562 
new weight 151.32
12 14 16 20 21 43 54 57 61 66 69 71 79 85 103 116 134 143 147 160 163 164 168 194 207 222 231 234 239 241 247 259 272 277 284 301 308 310 312 315 334 352 364 368 377 389 392 400 405 413 440 452 468 473 474 480 487 495 500 506 519 523 545 551 553 558 561 562 
new weight 155.576
12 14 16 20 21 43 54 57 61 66 69 71 79 85 103 116 134 143 147 160 163 164 168 194 207 222 231 234 239 241 247 259 272 277 284 301 308 310 312 315 323 352 364 368 377 389 392 400 405 413 440 452 468 473 474 480 487 495 500 506 519 523 545 551 553 558 561 562 
new weight 159.053
12 14 16 20 21 43 54 57 61 66 69 71 79 85 103 116 134 143 147 160 163 164 168 194 207 222 231 234 239 241 247 259 272 277 284 301 308 310 312 315 323 352 364 368 377 389 391 400 405 413 440 452 468 473 474 480 487 495 500 506 519 523 545 551 553 558 561 562 
new weight 159.212
12 14 16 20 21 43 54 57 61 66 69 71 79 85 103 116 134 143 147 160 163 164 168 194 207 222 231 235 239 241 247 259 272 277 284 301 308 310 312 315 323 352 364 368 377 389 391 400 405 413 440 452 468 473 474 480 487 495 500 506 519 523 545 551 553 558 561 562 
new weight 161.033
12 14 16 20 21 43 54 57 61 66 69 71 79 85 103 116 134 143 147 160 163 164 173 194 207 222 231 235 239 241 247 259 272 277 284 301 308 310 312 315 323 352 364 368 377 389 391 400 405 413 440 452 468 473 474 480 487 495 500 506 519 523 545 551 553 558 561 562 
new weight 161.066
12 14 16 20 21 43 54 57 61 66 69 71 79 85 103 116 134 143 147 160 163 164 173 194 207 222 231 235 239 241 247 259 272 277 284 301 308 310 312 315 323 352 364 368 371 389 391 400 405 413 440 452 468 473 474 480 487 495 500 506 519 523 545 551 553 558 561 562 
new weight 161.121
12 14 16 20 21 43 54 57 61 66 69 71 79 85 103 116 134 143 147 160 163 164 173 194 207 222 231 235 239 241 247 259 272 277 284 301 308 310 312 315 323 352 364 368 371 387 391 400 405 413 440 452 468 473 474 480 487 495 500 506 519 523 545 551 553 558 561 562 
new weight 162.782
12 14 16 20 21 43 54 57 61 66 69 71 79 85 103 116 134 143 147 161 163 164 173 194 207 222 231 235 239 241 247 259 272 277 284 301 308 310 312 315 323 352 364 368 371 387 391 400 405 413 440 452 468 473 474 480 487 495 500 506 519 523 545 551 553 558 561 562 
new weight 164.07
12 14 16 20 21 43 54 57 61 66 69 71 79 85 103 116 134 143 147 161 163 164 173 194 207 222 231 235 239 241 247 259 272 277 284 301 308 310 312 315 323 352 364 368 371 387 391 400 405 413 427 452 468 473 474 480 487 495 500 506 519 523 545 551 553 558 561 562 
new weight 164.11
12 14 16 20 21 43 54 57 61 66 69 71 79 85 103 116 134 143 147 161 163 164 173 194 207 222 231 234 239 241 247 259 272 277 284 301 308 310 312 315 323 352 364 368 371 387 391 400 405 413 427 452 468 473 474 480 487 495 500 506 519 523 545 551 553 558 561 562 
new weight 164.158
12 14 16 20 21 43 54 57 61 66 69 71 79 85 103 109 134 140 147 161 163 164 173 194 207 222 231 234 239 241 247 259 272 277 284 301 308 310 312 315 318 352 364 368 371 387 391 400 405 413 427 452 468 473 474 480 487 495 500 506 519 523 545 551 553 558 561 562 
new weight 164.186
12 14 16 20 21 43 54 57 61 66 69 71 79 85 103 109 134 140 147 161 163 164 173 194 207 222 231 234 239 241 247 259 272 277 284 301 308 310 312 315 323 352 364 368 371 387 391 400 405 413 427 452 468 473 474 480 487 495 500 506 519 523 545 551 553 558 561 562 

got signal 0 printing heuristic solutions 
combinations
cost 164.186 12 14 16 20 21 43 54 57 61 66 69 71 79 85 103 109 134 140 147 161 163 164 173 194 207 222 231 234 239 241 247 259 272 277 284 301 308 310 312 315 323 352 364 368 371 387 391 400 405 413 427 452 468 473 474 480 487 495 500 506 519 523 545 551 553 558 561 562 

IGCF: Thu May 25 16:32:43 EDT 2006 Optimizer finished
